0  2.71802e-05 -4.70858e-06  2.20289e-05 0.163938 0.986274 2.40122e-05 0.0197117
1  -0.037199  -0.105945 0.00799352 0.274588 0.961324 0.0135406 0.0165294
2  0.0388234 -0.0510933 0.00337924 0.380724 0.92464 -0.00871054 -0.00384837
3  0.0337263 -0.0489826 0.00348383 0.507642 0.861526 -0.00802022 -0.0028464
4   -0.03522 -0.0757604  0.0122494 0.591178 0.806293 -0.00467274 0.019452
5  0.0488021 -0.0783833 0.00903517 0.682907 0.730297 -0.0160393 -0.00691562
6  0.0738488 -0.0805161  0.0093483 0.763828 0.645097 -0.0194671 -0.00612126
7 -0.0106695 -0.0554489  0.0141564 0.839236 0.543643 -0.00690551 0.00928242
8  0.0172497 -0.0863878 0.00544162 0.899763 0.435943 -0.0194201 -0.00191431
9  0.0590242  -0.147019 0.00774335 0.944787 0.326242 -0.0194013 -0.0237995
10  0.0354487  -0.107446 0.00609356 0.973712 0.22704 -0.0134593 -0.0124868
11 0.00925889 -0.0449555  0.0100835 0.994456 0.10362 -0.0178593 0.00136537
12  -0.009646  -0.121018 0.00465597 0.999463 -0.022422 -0.0118054 -0.02079
13 -0.0125049   -0.12497 0.00687821 0.990209 -0.137694 -0.0114267 -0.0198927
14  0.0249772 -0.0928453 0.00524837 0.99958 -0.0207885 -0.00524219 -0.0194992
15  0.0183197 -0.0740005 0.00524652 0.995798 0.0910738 -0.00867863 0.00397241
16  0.0324938 -0.0546757  0.0152575 0.975386 0.220416 -0.00554059 0.00283338
17   0.078403  -0.115345 0.00990888 0.946454 0.322335 -0.0171345 -0.0055506
18  0.0305055 -0.0667508 0.00484987 0.906096 0.422954 -0.00817575 0.00583192
19 0.00152475 -0.0365969 0.00932057 0.841637 0.53982 -0.00161129 0.0154789
20  0.0855909 -0.0551017  0.0117316 0.765139 0.643636 -0.0171682 0.000874624
21  0.0476332 -0.0360648 0.00442127 0.6822 0.730922 -0.00637336 0.0177681
22 -0.00122258  -0.0201403  0.00585985 0.589123 0.807467 0.00311197 0.0303735
23   0.043125  0.0134002 0.00121775 0.503167 0.864005 -0.0105948 0.014374
24  0.0763169  0.0513013 0.00459032 0.394826 0.918248 -0.022099 0.021101
25   0.0156009 0.000979696  0.00524925 0.260922 0.964917 0.00282036 0.029091
26 -0.0108388  0.0172976 0.00417573 0.132723 0.990621 0.00274525 0.0323467
27 -0.0121866   0.103806 0.00883831 -0.00897975 0.999506 -0.0104057 0.0282493
28 -0.0244385  0.0740906 0.00683044 -0.146928 0.98857 0.00485747 0.0334417
29 -0.0357461  0.0355298 0.00266384 -0.255643 0.965656 0.021194 0.041297
30  -0.0818265   0.0717121 0.000664012 -0.117458 0.992821 0.000613108 0.0225752
31 -0.0728654  0.0198058  0.0116203 0.0113194 0.999542 0.00890059 0.026627
32 -0.0299895   0.095859 0.00436734 0.138989 0.990164 -0.0133318 0.00887223
33 -0.0443348  0.0620394 0.00169749 0.267805 0.963393 -0.00637597 0.0106413
34   -0.0875718 -0.000474683   0.00854959 0.379379 0.92498 0.00530474 0.0213126
35 -0.0250723  0.0187354 0.00348142 0.501539 0.865059 -0.0112915 -0.0018775
36 0.00114084 0.00826157 0.00388481 0.61366 0.78942 -0.0148825 -0.00410862
37 -0.0850232 -0.0025587 0.00864286 0.710103 0.703993 0.001153 0.0121262
38  -0.0530399  -0.0117014 0.000517775 0.796436 0.604511 -0.0155178 0.00384468
39 -0.00142472   -0.055634  -0.0108344 0.868431 0.495036 -0.0190358 -0.0201153
40 -0.0361248 -0.0299434 -0.0107035 0.914558 0.404269 -0.0088984 -0.00845828
41 -0.0802669   0.023068 0.00679455 0.957663 0.287532 -0.0130565 0.00597656
42  -0.0359455  -0.0909547 -0.00130193 0.982586 0.183816 -0.0148721 -0.022704
43 -0.00570077   -0.100951  0.00456507 0.956205 0.292197 -0.0145134 -0.00901527
44 -0.0213261 -0.0872322 0.00016866 0.920345 0.390813 -0.0145386 0.00443703
45 -0.0794742 -0.0286358 0.00235733 0.860901 0.507967 -0.00324657 0.0284346
46 -0.0129147 -0.0297398 0.00212807 0.777602 0.628405 -0.0198297 0.00698042
47   0.026238 -0.0265764 0.00385142 0.682614 0.730286 -0.0254443 0.0085359
48   -0.0223699    -0.030577 -0.000701429 0.603896 0.796548 -0.00354519 0.0284442
49 -0.0576664 -0.0214678 0.00308364 0.519305 0.853998 0.00105368 0.0317505
50 0.00624855  0.0470773 0.00599214 0.425417 0.904693 -0.0176139 0.0155302
51 0.000779182   0.0405222 -0.00215605 0.536778 0.843721 0.0010626 0.00134386
52  -0.0280741 -0.00288666  0.00218465 0.634588 0.772847 -0.00133721 0.00208643
53  0.0259866 -0.0259256   -0.00471 0.719393 0.694499 -0.00252607 -0.0117928
54  -0.0176794  -0.0469185 -0.00737852 0.787778 0.615949 1.05465e-05 -0.00347441
55  -0.0327303  -0.0561651 -0.00618211 0.720183 0.693768 0.00409267 0.00235383
56  -0.0620995  -0.0870291 -0.00115349 0.638763 0.768977 0.0120667 0.022591
57  0.00072301  -0.0524528 0.000767318 0.553302 0.832807 -0.0101295 0.0136451
58  -0.0183448  -0.0646424 -0.00122176 0.455313 0.890091 -0.00507707 0.0200577
59    -0.110018    -0.104695 -0.000107515 0.354359 0.934648 0.0178298 0.0233434
60    -0.10119     -0.0896 -0.00356049 0.258761 0.965621 0.0103222 0.0226201
61   -0.141425    -0.16303 -0.00525515 0.362301 0.931875 0.00869784 0.0164908
62   -0.064705   -0.121341 -0.00914263 0.469887 0.882706 -0.00564653 -0.00201898
63  -0.0461868   -0.117794 -0.00516773 0.576653 0.816707 -0.0202651 -0.00704497
64  -0.12575 -0.130016 0.0031586 0.676989 0.735823 -0.00225119 0.0156854
65  -0.0905221   -0.141379 -0.00355512 0.78078 0.624619 -0.0151689 0.00187833
66  -0.0136404   -0.169661 -0.00244403 0.861401 0.506863 -0.0240952 -0.0223012
67  -0.0405522   -0.151085 -0.00250719 0.914911 0.403169 -0.015139 -0.0127662
68  -0.086647  -0.103521 0.00455664 0.963514 0.267021 -0.0170832 0.00701127
69  -0.0656441   -0.178661 -0.00433647 0.990589 0.134852 -0.0179958 -0.0150043
70  -0.0787202   -0.178787 -0.00619238 0.999825 0.0041411 -0.013341 -0.0124599
71   -0.101203   -0.156273 -0.00801921 0.99436 -0.103772 -0.00678519 -0.0208032
